20
70 52  8 33 66  1 93 18 92 14  4 27 31 19  2 74 87 91 53 81
33  8  1 18 93 66 92 14 52 27  4 31 70  2 91 87 53 74 81 19
33 18 93  1 14 92 66  8 27 31  4 52 91 53 87 81 74  2 19 70


Ovenfor er pre-/in-/postorder sekvensen for f›lgende tre:

                             70
                       /            \
                   52                  19
              /          \           /
            8             4         2
          /   \         /   \        \
        33     66      27   31        74
              /  \                   /  \
             1    92                87   81
              \     \              /  \
               93    14          91    53
               /
              18
